925.682	-70.003	-460.002	179.9992	-24.9999	0.001
926.995	-69.995	-460.004	179.9996	-24.9995	0.001
928.276	-70.002	-460.002	179.9994	-25.0001	0.001
929.89	-70.007	-459.993	179.9999	-25.001	-0.0
931.201	-70.006	-459.997	180.0	-25.0006	-0.0
932.489	-69.997	-459.995	179.9994	-25.0008	0.001
933.799	-69.999	-460.0	179.9997	-25.0004	0.0
935.476	-70.004	-460.005	179.9993	-24.9999	0.001
937.197	-70.005	-460.001	179.9995	-25.0001	0.0
938.483	-69.994	-460.002	179.9995	-25.0002	0.001
940.001	-70.006	-460.0	179.9999	-25.0002	-0.0
941.29	-70.007	-459.994	179.9998	-25.0009	0.0
943.199	-70.001	-459.999	179.9993	-25.0002	0.001
944.478	-70.004	-460.0	180.0	-24.9999	-0.0
946.474	-70.006	-460.005	179.9997	-24.9995	0.0
947.8	-69.996	-460.0	180.0	-25.0004	0.0
949.27	-69.995	-460.009	179.9994	-24.9991	0.001
951.067	-70.008	-460.008	179.9999	-24.9991	-0.0
952.399	-69.999	-460.003	180.0	-24.9996	0.0
953.688	-70.005	-459.994	179.9995	-25.0009	0.0
954.994	-70.003	-460.004	179.9993	-24.9995	0.001
956.474	-70.001	-460.003	-179.9999	-24.9999	-0.0
958.085	-70.008	-459.997	179.9997	-25.0004	0.0
959.808	-70.002	-459.995	179.9993	-25.0008	0.001
961.467	-70.006	-460.009	180.0	-24.9992	-0.0
963.078	-69.998	-460.005	179.9995	-24.9997	0.001
964.881	-70.005	-460.001	180.0	-24.9999	-0.0
966.795	-70.003	-460.002	179.9994	-24.9998	0.001
968.597	-70.004	-460.0	179.9996	-25.0	0.0
970.588	-70.003	-460.007	180.0	-24.9993	0.0
972.404	-70.004	-459.999	180.0	-25.0002	-0.0
974.204	-69.999	-460.0	179.9999	-25.0004	0.0
975.998	-70.008	-460.0	179.9996	-25.0	0.0
978.078	-69.993	-460.0	179.9994	-25.0002	0.002
980.201	-70.003	-459.999	180.0	-25.0002	-0.0
982.395	-69.998	-460.005	179.9994	-24.9998	0.001
984.201	-70.001	-460.0	179.9991	-25.0001	0.002
986.398	-69.998	-460.0	179.9993	-25.0003	0.001
988.406	-70.002	-459.999	179.9999	-25.0005	0.0
990.186	-69.998	-460.011	179.9999	-24.9989	0.0
992.268	-70.003	-460.009	179.9996	-24.9993	0.0
994.09	-70.001	-459.994	179.9994	-25.0009	0.001
996.074	-70.007	-460.002	179.9999	-24.9998	0.0
997.485	-69.996	-459.999	179.9994	-25.0002	0.001
999.28	-70.005	-459.999	179.9996	-25.0	0.0
1001.402	-70.008	-459.999	179.9996	-25.0001	0.0
1003.196	-69.999	-460.001	179.9995	-24.9998	0.0
1004.998	-70.003	-460.004	179.9999	-24.9997	0.0
1006.79	-70.007	-460.008	179.9997	-24.9995	0.0
1008.803	-70.005	-459.998	179.9997	-25.0003	0.0
1010.607	-70.005	-459.995	179.9996	-25.0008	0.0
1012.595	-70.002	-460.001	180.0	-24.9998	0.0
1014.205	-70.004	-459.998	179.9998	-25.0006	0.0
1016.191	-70.0	-460.005	-179.9999	-24.9996	-0.0
1018.074	-70.005	-460.002	-179.9999	-24.9998	-0.0
1020.284	-70.001	-460.0	179.9995	-25.0005	0.0
1022.079	-69.999	-460.0	-179.9999	-25.0003	-0.0
1024.19	-69.999	-460.007	179.9996	-24.9995	0.0
1025.998	-70.004	-460.0	179.9994	-25.0	0.0
1028.476	-70.0	-460.001	179.9999	-25.0001	0.0
1029.798	-69.995	-460.0	-179.9999	-25.0003	0.0
1031.475	-69.999	-460.006	179.9999	-24.9998	0.0
1033.002	-69.997	-460.0	180.0	-25.0003	0.0
1034.289	-70.001	-459.992	-179.9997	-25.0009	-0.0
1035.787	-69.999	-460.01	-179.9998	-24.9991	-0.0
1037.48	-70.0	-460.001	180.0	-24.9999	-0.0
1038.799	-70.0	-460.003	180.0	-25.0	0.0
1040.284	-70.007	-460.0	180.0	-25.0004	-0.0
1041.99	-69.995	-460.006	179.9996	-24.9994	0.0
1043.288	-70.006	-459.993	179.9995	-25.0007	0.0
1044.596	-70.006	-460.002	179.9998	-24.9998	0.0
1046.196	-69.994	-460.006	179.9994	-24.9996	0.0
1048.073	-69.996	-460.005	179.9998	-24.9999	0.0
1049.599	-70.005	-460.002	180.0	-25.0	-0.0
1050.872	-69.998	-460.005	179.9999	-24.9995	0.0
1052.192	-69.997	-460.008	179.9996	-24.9992	0.0
1054.082	-69.993	-460.001	179.9995	-25.0003	0.0
1055.404	-70.006	-459.996	179.9996	-25.0006	0.0
1056.674	-69.999	-460.0	179.9999	-25.0	0.0
1058.478	-70.002	-460.002	179.9994	-24.9998	0.0
1060.089	-69.996	-459.993	179.9995	-25.0008	0.0
1061.405	-70.005	-459.999	179.9996	-25.0005	0.0
1062.688	-69.999	-459.997	-179.9998	-25.0006	-0.0
1064.592	-69.995	-460.005	179.9997	-24.9996	0.0
1065.873	-69.997	-460.004	179.9995	-24.9997	0.0
1067.268	-69.999	-460.008	179.9996	-24.9993	0.0
1069.473	-69.993	-460.006	179.9993	-24.9996	0.0
1071.273	-70.006	-460.003	-179.9999	-24.9999	-0.0
1072.596	-69.994	-460.001	179.9991	-24.9997	0.0
1074.191	-70.001	-460.003	179.9997	-24.9996	0.0
1076.088	-70.005	-459.994	-179.9999	-25.0009	-0.0
1077.674	-70.004	-460.003	179.9994	-24.9996	0.0
1079.002	-69.994	-459.997	179.9998	-25.0005	0.0
1080.487	-69.999	-459.993	179.9998	-25.0006	0.0
1082.078	-69.997	-459.998	179.9995	-25.0004	0.0
1083.391	-70.0	-460.008	179.9998	-24.9997	0.0
1084.676	-69.995	-460.0	179.9993	-24.9999	0.0
1086.19	-70.002	-460.007	179.9996	-24.9995	0.0
1087.671	-70.005	-460.005	180.0	-24.9995	-0.0
1089.482	-70.009	-459.998	180.0	-25.0	-0.0
1091.399	-70.005	-460.001	180.0	-25.0002	-0.0
1092.675	-70.001	-460.004	-179.9997	-24.9999	-0.0
1094.003	-70.0	-459.999	-179.9997	-25.0004	-0.0
1095.278	-70.005	-460.003	179.9998	-25.0	0.0
1096.605	-70.004	-459.998	-179.9997	-25.0005	-0.0
1098.072	-70.001	-460.006	180.0	-24.9994	-0.0
1099.676	-69.997	-460.006	-179.9999	-24.9994	-0.0
1101.0	-70.002	-460.002	179.9993	-24.9999	0.0
1102.802	-70.002	-460.0	-179.9998	-25.0002	-0.0
1104.078	-70.006	-459.997	179.9999	-25.0004	-0.0
1105.67	-69.998	-460.005	179.9998	-24.9993	0.0
1107.395	-70.0	-460.005	179.9996	-24.9995	0.0
1108.881	-69.993	-460.001	179.9996	-25.0001	0.0
1110.281	-69.992	-459.997	179.9995	-25.0003	0.0
1111.591	-70.002	-460.003	-179.9999	-24.9996	-0.0
1113.277	-69.998	-460.005	179.9999	-24.9996	0.0
1114.595	-70.001	-460.005	179.9997	-24.9999	0.0
1115.998	-70.001	-460.0	179.9997	-24.9998	0.0
1118.394	-70.002	-460.005	-179.9999	-25.0	-0.0
1120.286	-70.001	-459.995	180.0	-25.0004	0.0
1121.592	-70.002	-460.003	179.9994	-24.9997	0.0
1122.996	-69.997	-460.003	179.9994	-25.0	0.0
1124.805	-70.004	-459.998	-179.9996	-25.0005	-0.0
1127.005	-69.994	-459.996	179.9995	-25.0005	0.0
1129.085	-69.992	-459.997	179.9998	-25.0006	0.0
1130.992	-70.007	-460.007	-179.9998	-24.9993	-0.0
1132.995	-70.008	-460.004	-179.9995	-25.0001	-0.0
1134.789	-70.006	-460.008	-179.9999	-24.9994	-0.0
1136.605	-70.002	-459.998	179.9997	-25.0005	0.0
1138.475	-69.994	-460.001	179.9999	-24.9996	0.0
1140.074	-70.003	-460.002	179.9999	-24.9997	0.0
1142.076	-70.0	-459.999	179.9999	-24.9999	0.0
1143.878	-69.995	-459.998	179.9994	-24.9999	0.0
1145.871	-70.009	-460.006	180.0	-24.9995	-0.0
1147.481	-69.998	-460.001	179.9996	-25.0002	0.0
1149.389	-70.002	-460.01	180.0	-24.9994	0.0
1151.075	-69.998	-460.003	179.9997	-24.9998	0.0
1152.995	-70.002	-460.004	179.9997	-24.9997	0.0
1154.882	-70.003	-459.996	-179.9999	-25.0	-0.0
1156.669	-70.007	-460.009	-179.9999	-24.9992	-0.0
1158.475	-69.996	-460.004	180.0	-24.9996	0.0
1160.403	-69.993	-459.999	179.9994	-25.0	0.0
1162.08	-70.001	-459.997	179.9997	-25.0003	0.0
1164.079	-70.006	-460.001	179.9995	-24.9999	0.0
1165.792	-70.004	-460.007	180.0	-24.9993	-0.0
1167.683	-69.997	-459.995	179.9997	-25.0	0.0
1169.685	-69.996	-459.996	179.9996	-25.0006	0.0
1171.283	-69.998	-459.996	-179.9996	-25.0005	-0.0
1173.192	-70.004	-460.002	179.9992	-24.9996	0.0
1175.195	-70.006	-460.002	179.9995	-24.9997	0.0
1177.196	-70.008	-460.003	180.0	-24.9997	-0.0
1179.195	-70.005	-460.005	179.9998	-24.9996	0.0
1181.07	-69.994	-460.008	-179.9998	-24.9994	-0.0
1183.079	-70.006	-460.003	179.9999	-25.0	0.0
1185.077	-70.003	-459.997	-179.9999	-25.0003	-0.0
1186.874	-69.998	-460.002	-179.9999	-24.9998	-0.0
1188.669	-70.008	-460.008	179.9999	-24.9992	-0.0
1190.599	-69.994	-459.998	179.9999	-25.0003	0.0
1192.477	-69.997	-460.004	180.0	-24.9996	-0.0
1194.071	-70.003	-460.004	-179.9998	-24.9996	-0.0
1196.082	-69.995	-459.996	-179.9998	-25.0003	-0.0
1197.883	-70.001	-459.997	179.9996	-25.0002	0.0
1199.874	-70.008	-460.0	-179.9999	-25.0	-0.0
1201.874	-69.995	-460.005	179.9998	-24.9999	0.0
1203.79	-69.995	-460.009	179.9999	-24.9995	0.0
1205.681	-70.005	-459.997	179.9996	-25.0005	0.0
1207.68	-69.997	-460.003	180.0	-24.9997	0.0
1209.598	-69.992	-460.004	-179.9997	-25.0	0.0
1211.197	-69.994	-459.999	179.9993	-24.9997	0.0
1213.074	-70.004	-460.002	-179.9999	-24.9997	-0.0
1214.673	-70.006	-460.003	-179.9996	-24.9998	-0.0
1216.682	-70.005	-459.999	180.0	-25.0002	-0.0
1218.473	-70.004	-460.002	179.9993	-24.9996	0.0
1220.281	-70.003	-460.001	179.9997	-25.0001	0.0
1222.188	-69.996	-460.007	179.9992	-24.9992	0.0
1224.08	-70.004	-459.998	180.0	-24.9999	-0.0
1225.688	-70.001	-459.991	-179.9994	-25.0009	-0.0
1227.478	-69.997	-460.001	179.9995	-24.9998	0.0
1229.082	-69.991	-459.996	179.9996	-25.0005	0.0
1231.082	-70.007	-459.994	-179.9998	-25.0004	-0.0
1233.084	-70.0	-459.999	-179.9999	-25.0005	0.0
1235.079	-69.996	-460.0	179.9996	-24.9999	0.0
1237.077	-70.006	-459.998	180.0	-25.0	-0.0
1238.87	-70.003	-460.002	-179.9999	-24.9995	-0.0
1240.683	-69.993	-459.993	179.9999	-25.0004	0.0
1242.473	-69.999	-460.006	179.9998	-24.9998	0.0
1244.279	-69.992	-460.001	180.0	-25.0002	0.0
1246.081	-69.999	-459.998	179.9997	-25.0003	0.0
1247.88	-69.993	-459.997	180.0	-25.0002	0.0
1249.677	-69.997	-460.003	-179.9999	-25.0001	0.0
